0000000B888888868888888688888886888888830000000B888888868888888688888886888888830000000B88888886888888868888888688888883
000000078888888988888889888888898888888200000007888888898888888988888889888888820000000788888889888888898888888988888882
000000010000000100000001000000010000000100000001000000010000000100000001000000010000000100000001000000010000000100000001
000000010000000100000001000000010000000100000001000000010000000100000001000000010000000100000001000000010000000100000001
000000010000000100000001000000010000000100000001000000010000000100000001000000010000000100000001000000010000000100000001
000000010000000000000000000000000000000100000001000000000000000000000000000000010000000100000000000000000000000000000001
000000010000000000000000000000000000000100000001000000000000000000000000000000010000000100000000000000000000000000000001
000000010000000000000000000000000000000100000001000000000000000000000000000000010000000100000000000000000000000000000001
000000010000000000000000000000000000000788888882000000000000000000000000000000010000000100000000000000000000000000000001
000000010000000000008888868300000000000100000001000000000000000000000000888886820000000100000000000000000000000000000001
000000010000000000000000010100000000000100000001000000000000000000000000000001010000000100000000000000000000000000000001
000000010000000000000000010100000000000788888882000000000000000000000000000001010000000100000000000000000000000000000001
000000010000000000008888858A00000000000100000001000000000000000000000000888889820000000100000000000000010000000100000001
000000010000000000000000000000000000000100000001000000000000000000000000000001010000000100000000000000010000000100000001
000000010000000000000000000000000000000100000007868888800000000000000000000001010000000100000000000000010000000100000001
000000010000000000000000000000000000000100000001010000000000000000000000888885820000000100000000000000078888888988888882
00000001000000000000000000000000000000010000000101000000000000000000000000000001000000010000000000000B898888888588888882
00000001000000000000000B888888868888888200000007898888800000000000000000000000078888888200000000000001010000000000000001
000000010000000000000007888888898888888200000001010000000000000000000000000000010000000100000000000001010000000000000001
000000010000000000000001000000010000000100000001010000000000000000000000000000010000000100000000000007898888888000000001
000000010000000000000001000000010000000100000007858888800000000000000000000000078888888200000000000001010000000000000001
000000010000000000000001000000010000000100000001000000000000000000000000000000010000000100000000000001010000000000000001
000000010000000000000000000000000000000100000001000000000000000000000000000000010000000100000000000004858888888000000001
000000010000000000000000000000000000000100000001000000000000000000000000000000010000000100000000000000000000000000000001
000000010000000000000000000000000000000100000001000000000000000000000000000000010000000100000000000000000000000000000001
000000010000000000000000000000000000000100000001000000010000000100000001000000010000000100000000000000000000000000000001
888888820000000000000000000000008888868200000001000000010000000100000001000000010000000100000000000000000000000088888682
000000010000000000000000000000000000010100000001000000010000000100000001000000010000000100000000000000000000000000000101
000000010000000000000000000000000000010100000001000000078888888988888889888888820000000100000000000000000000000000000101
888888858888888888888888888888888888858A000000078888888988888885888888858888888A0000000788888886888888888888888888888582
888888888888888888888888888888888888888888888885888888858888888888888888888888888888888588888885888888888888888888888882
000000000000000000000000000000000000000000000000000000000000000000000000000000000000000000000000000000000000000000000001
000000000000000000000000000000000000000000000000000000000000000000000000000000000000000000000000000000000000000000000001
88888888888888888888888888888888888888888888888888888888888888888888888888888888888888888888888888888888888888888888888A
